36
-0.5	0		-0.5	0	0
0.2		0		-0.5	0.7	0
0.4		0.2		-0.5	0.9	0.2
0.5		0.5		-0.5	1	0.5
0.4		0.8		-0.5	0.9	0.8
0.2		1		-0.5	0.7	1
-0.5	1		-0.5	0	1
-0.5	0		0.5		1	1
0.2		0		0.5		0.3	1
0.4		0.2		0.5		0.1	0.8
0.5		0.5		0.5		0	0.5
0.4		0.8		0.5		0.1	0.2
0.2		1		0.5		0.3	0
-0.5	1		0.5		1	0

-0.45	0.5		-0.5	0.05	0.5
0.45	0.5		-0.5	0.95	0.5
0.35	0.8		-0.5	0.85	0.8
0.2		0.95	-0.5	0.7		0.95
-0.45	0.95	-0.5	0.05	0.95
-0.45	0.5		0.5		0.95	0.5
0.45	0.5		0.5		0.05	0.5
0.35	0.8		0.5		0.15	0.2
0.2		0.95	0.5		0.3		0.05
-0.45	0.95	0.5		0.95	0.55

0.21	0.99	-0.45	0	0
0.39	0.81	-0.45	0	1
0.4		0.79	-0.45	1	0
0.5		0.51	-0.45	1	1
0.5		0.49	-0.45	1	0
0.4		0.21	-0.45	0	1
0.21	0.99	0.45	0	0
0.39	0.81	0.45	0	1
0.4		0.79	0.45	1	0
0.5		0.51	0.45	1	1
0.5		0.49	0.45	1	0
0.4		0.21	0.45	0	1