32
0		0		0.5		0	0
0.36	0		0.36	1	0
0.5		0		0		0	0
0.36	0		-0.36	1	0
0		0		-0.5	0	0
-0.36	0		-0.36	1	0
-0.5	0		0		0	0
-0.36	0		0.36	1	0
0		0.25	0.5		0	1
0.36	0.25	0.36	1	1
0.5		0.25	0		0	1
0.36	0.25	-0.36	1	1
0		0.25	-0.5	0	1
-0.36	0.25	-0.36	1	1
-0.5	0.25	0		0	1
-0.36	0.25	0.36	1	1

0		0		0.5		0.5		1
0.36	0		0.36	0.86	0.86
0.5		0		0		1		0.5
0.36	0		-0.36	0.86	0.14
0		0		-0.5	0.5		0
-0.36	0		-0.36	0.14	0.14
-0.5	0		0		0		0.5
-0.36	0		0.36	0.14	0.86
0		0.25	0.5		0.5		1
0.36	0.25	0.36	0.86	0.86
0.5		0.25	0		1		0.5
0.36	0.25	-0.36	0.86	0.14
0		0.25	-0.5	0.5		0
-0.36	0.25	-0.36	0.14	0.14
-0.5	0.25	0		0		0.5
-0.36	0.25	0.36	0.14	0.86